1000 1000
611 994
126 463
662 891
447 784
149 803
11 663
657 854
164 246
5 416
141 264
306 658
162 450
160 190
851 938
242 909
548 678
326 747
537 741
472 475
76 167
167 248
19 91
220 808
165 847
742 856
296 583
624 884
191 480
52 590
689 964
641 994
267 644
20 790
375 490
32 436
110 312
231 871
694 910
652 965
734 875
158 555
304 736
83 995
454 536
55 850
281 471
704 983
386 986
663 895
141 440
140 558
397 868
241 928
487 888
893 981
245 936
396 472
78 431
76 529
107 955
367 937
280 941
398 732
72 995
3 236
37 427
32 110
372 831
326 545
29 234
427 982
405 521
69 820
663 757
307 310
10 666
419 966
22 320
230 430
234 510
704 853
250 308
199 794
773 848
516 549
118 845
565 924
231 749
180 577
571 774
431 970
755 975
116 583
113 729
85 837
458 669
356 448
355 751
41 896
431 706
674 715
115 292
605 725
786 964
201 202
48 150
49 280
132 214
590 757
238 974
54 555
493 883
403 931
11 268
738 838
365 525
286 622
26 736
283 530
354 648
183 567
211 270
72 276
134 323
59 871
165 461
807 901
589 978
88 930
651 750
430 841
531 948
182 318
403 597
194 349
837 938
383 455
830 917
409 415
213 673
925 959
160 909
529 961
91 167
483 543
336 896
184 749
137 881
438 530
12 912
119 809
590 764
157 243
5 939
781 932
567 861
8 245
351 656
356 557
550 770
886 999
27 625
150 840
645 943
517 662
543 894
381 698
85 877
748 885
572 804
309 954
176 297
530 664
105 476
542 797
102 653
49 251
227 655
623 982
775 949
12 174
217 485
576 979
522 844
68 944
355 424
182 359
45 522
267 646
387 485
390 964
251 594
454 673
257 872
451 732
514 889
562 744
33 765
320 542
271 465
162 679
196 551
356 751
124 892
343 814
348 527
510 991
425 638
266 570
89 514
160 734
530 1000
200 976
295 770
20 954
310 729
258 390
385 822
69 518
231 571
260 612
68 974
136 414
258 416
198 770
321 902
551 767
320 742
136 688
288 450
138 156
304 530
270 594
516 785
690 955
450 865
266 594
238 684
758 1000
87 655
83 822
615 618
34 709
110 706
93 944
419 901
8 931
175 599
703 873
14 414
11 296
253 510
387 896
83 101
486 930
333 968
51 288
299 568
566 970
470 662
85 534
632 902
465 820
612 859
544 775
257 681
198 817
292 737
327 727
81 943
294 937
630 685
71 705
446 756
594 666
332 760
340 669
225 392
74 882
83 940
712 765
848 986
516 737
88 468
234 351
846 938
568 871
240 350
76 858
209 478
217 295
50 487
534 974
336 672
512 554
917 939
219 866
281 567
43 432
420 810
270 604
717 792
616 854
694 826
486 735
561 98 
79 937
590 817
392 482
793 869
710 769
2 414
566 591
86 177
42 461
425 918
287 859
225 393
236 541
124 429
130 824
647 893
684 821
512 662
671 797
64 122
693 885
479 649
683 958
565 892
79 672
781 858
483 629
7 389
165 501
822 840
46 160
198 920
68 834
490 925
275 353
206 265
596 688
699 992
585 589
472 980
20 173
52 662
319 979
52 811
738 928
270 577
3 316
63 920
109 233
224 643
141 287
658 907
220 601
119 498
746 959
205 503
569 862
206 944
347 571
442 698
388 681
66 522
120 142
33 92
502 742
329 997
164 639
559 869
191 320
466 628
854 952
667 782
594 815
198 641
229 999
425 444
14 237
316 596
80 565
396 657
195 326
268 284
129 628
719 842
64 676
564 658
288 956
44 72
270 817
26 302
211 585
470 601
281 964
525 910
583 699
197 749
228 923
88 493
274 585
534 842
26 498
49 335
434 906
598 727
188 913
114 729
562 972
504 817
15 67
285 509
101 327
884 896
262 386
123 740
620 906
409 853
67 337
75 652
609 862
18 641
449 927
300 539
31 530
846 958
423 742
420 590
446 605
113 212
721 962
386 448
49 632
441 557
166 215
101 277
595 974
673 807
71 87
68 988
805 831
324 358
612 616
506 707
638 744
264 298
390 995
298 629
502 914
114 444
158 229
1 380
372 755
762 941
239 335
386 529
314 569
91 704
20 986
387 994
711 757
633 989
362 913
47 281
397 996
169 726
366 507
10 373
372 647
107 756
425 625
678 877
299 462
188 429
220 634
154 365
60 903
288 517
384 997
630 894
372 685
447 811
526 785
446 890
322 828
158 980
279 491
74 377
526 710
763 967
235 724
300 747
4 501
481 573
26 940
651 839
361 705
325 850
611 981
618 853
455 586
38 45
473 770
337 621
356 479
517 828
298 310
96 738
177 936
351 477
750 938
145 764
92 363
157 670
385 699
572 611
435 824
304 790
414 945
169 651
310 420
440 535
265 452
136 678
18 968
84 100
132 702
192 215
184 553
364 546
245 879
379 878
10 394
203 799
83 420
297 636
301 880
199 659
556 958
421 800
348 960
179 417
676 929
625 627
17 745
957 968
52 675
373 994
18 59
277 393
245 745
94 223
277 869
430 480
368 852
387 688
349 911
282 665
213 750
54 609
38 262
597 705
140 730
85 439
790 881
213 712
379 871
480 842
43 571
362 564
532 680
87 539
374 764
240 974
22 705
84 174
126 333
456 900
446 504
291 581
478 548
104 344
56 989
360 994
278 571
70 810
304 577
197 569
612 728
828 909
582 676
145 988
496 959
556 588
749 997
32 908
203 823
416 555
67 262
491 751
413 602
340 750
375 825
12 475